img/dinoSR0001.png 3310.400000 0.000000 316.730000 0.000000 3325.500000 200.550000 0.000000 0.000000 1.000000 -0.14396457836077139000 0.96965263281337499000 0.19760617153779569000 -0.90366580603479685000 -0.04743335255026152200 -0.42560419233334673000 -0.40331536459778505000 -0.23984130575212276000 0.88306936201487163000 -0.010415508744 -0.0294278883669 0.673097816109
img/dinoSR0002.png 3310.400000 0.000000 316.730000 0.000000 3325.500000 200.550000 0.000000 0.000000 1.000000 -0.23143687262851170000 0.96422332027030622000 0.12926937165558827000 -0.65860811165749811000 -0.05749426020475298400 -0.75028640486482034000 -0.71601208187197274000 -0.25878137856376976000 0.64835049619606955000 -0.0143392676288 -0.0315356332107 0.659314086504
img/dinoSR0015.png 3310.400000 0.000000 316.730000 0.000000 3325.500000 200.550000 0.000000 0.000000 1.000000 0.00081616679574048404 0.97442752820786405000 0.22470103004948633000 -0.99410718398935161000 -0.02356756030268754300 0.10581289727836769000 0.10840301080819337000 -0.22346267154279231000 0.96866490777520942000 -0.00610423526503 -0.018203117484 0.68807761848
img/dinoSR0016.png 3310.400000 0.000000 316.730000 0.000000 3325.500000 200.550000 0.000000 0.000000 1.000000 -0.10951399718548831000 0.97116624441025123000 0.21176174987744156000 -0.95343108813509980000 -0.04240093389221950800 -0.29861718464681830000 -0.28102814225222095000 -0.23460240775428165000 0.93058227149100015000 -0.00919398909617 -0.0274502483048 0.677364371223
